103
1 -4.50173
1.02941 -4.55536
1.05882 -4.6064
1.08824 -4.65225
1.11765 -4.69291
1.14706 -4.72837
1.17647 -4.75865
1.20588 -4.78374
1.23529 -4.80363
1.26471 -4.81834
1.29412 -4.82785
1.32353 -4.83218
1.35294 -4.83131
1.38235 -4.82526
1.41176 -4.81401
1.44118 -4.79758
1.47059 -4.77595
1.5 -4.74913
1.52941 -4.71713
1.55882 -4.67993
1.58824 -4.63754
1.61765 -4.58997
1.64706 -4.5372
1.67647 -4.47924
1.70588 -4.41609
1.73529 -4.34775
1.76471 -4.27422
1.79412 -4.1955
1.82353 -4.11159
1.85294 -4.02249
1.88235 -3.9282
1.91176 -3.82872
1.94118 -3.72405
1.97059 -3.61419
2 -3.49913
2.02941 -3.37889
2.05882 -3.25346
2.08824 -3.12284
2.11765 -2.98702
2.14706 -2.84602
2.17647 -2.69983
2.20588 -2.54844
2.23529 -2.39187
2.26471 -2.2301
2.29412 -2.06315
2.32353 -1.891
2.35294 -1.71367
2.38235 -1.53114
2.41176 -1.34343
2.44118 -1.15052
2.47059 -0.952422
2.5 -0.749135
2.52941 -0.540657
2.55882 -0.32699
2.58824 -0.108131
2.61765 0.115917
2.64706 0.345156
2.67647 0.579585
2.70588 0.819204
2.73529 1.06401
2.76471 1.31401
2.79412 1.5692
2.82353 1.82958
2.85294 2.09516
2.88235 2.36592
2.91176 2.64187
2.94118 2.92301
2.97059 3.20934
3 3.50087
3.02941 3.79758
3.05882 4.09948
3.08824 4.40657
3.11765 4.71886
3.14706 5.03633
3.17647 5.359
3.20588 5.68685
3.23529 6.0199
3.26471 6.35813
3.29412 6.70156
3.32353 7.05017
3.35294 7.40398
3.38235 7.76298
3.41176 8.12716
3.44118 8.49654
3.47059 8.87111
3.5 9.25087
3.52941 9.63581
3.55882 10.026
3.58824 10.4213
3.61765 10.8218
3.64706 11.2275
3.67647 11.6384
3.70588 12.0545
3.73529 12.4758
3.76471 12.9022
3.79412 13.3339
3.82353 13.7708
3.85294 14.2128
3.88235 14.66
3.91176 15.1125
3.94118 15.5701
3.97059 16.0329
4 16.4983
